0.849349 0.811921
0.826655 0.902787
0.736751 0.885498
0.620821 0.910771
0.461348 0.914383
0.375353 0.888431
0.308412 0.844691
0.26903 0.807101
0.239766 0.775468
0.210526 0.734532
0.181287 0.68339
0.152132 0.604615
0.131795 0.459975
0.146297 0.34783
0.178798 0.279953
0.221244 0.224336
0.261429 0.183388
0.303016 0.152047
0.358271 0.122807
0.456995 0.0940132
0.606182 0.0788025
0.739371 0.0936647
0.821769 0.123303
0.86353 0.220172
0.866139 0.414187
0.908071 0.500578
0.943922 0.525942
0.823925 0.537914
0.656889 0.534279
0.657746 0.512045
0.723399 0.485497
0.741541 0.381915
0.737312 0.195837
0.685586 0.134483
0.549238 0.114128
0.462883 0.134516
0.415301 0.163743
0.379828 0.193729
0.341767 0.2464
0.309942 0.31271
0.28116 0.411973
0.270611 0.587145
0.292411 0.696427
0.321637 0.754
0.350878 0.794258
0.387499 0.825973
0.46556 0.864955
0.609606 0.881074
0.700206 0.859636
0.741628 0.830407
0.775205 0.7938
0.812769 0.724216
0.841923 0.672875
0.852446 0.766011
