0.849349 0.811921
0.842148 0.871157
0.812532 0.902601
0.755273 0.884475
0.699269 0.894838
0.620821 0.910771
0.516062 0.917212
0.440647 0.910771
0.389666 0.894627
0.347988 0.873544
0.308412 0.844691
0.281449 0.81986
0.263159 0.801169
0.245614 0.782563
0.22807 0.760138
0.210526 0.734532
0.192982 0.70528
0.175439 0.67092
0.157907 0.62426
0.141499 0.554629
0.131795 0.459975
0.136097 0.385695
0.152072 0.331642
0.171014 0.292207
0.196606 0.255318
0.221244 0.224336
0.244215 0.200252
0.269419 0.176161
0.294028 0.157896
0.322785 0.140351
0.358271 0.122807
0.407449 0.105276
0.48706 0.0891435
0.577291 0.0802012
0.664426 0.0801182
0.739371 0.0936647
0.792612 0.111115
0.834555 0.131041
0.860244 0.186714
0.865388 0.298354
0.866139 0.414187
0.88023 0.482672
0.923505 0.506158
0.945438 0.520731
0.921235 0.534279
0.823925 0.537914
0.708111 0.537554
0.644919 0.530668
0.646386 0.516019
0.690284 0.505317
0.723399 0.485497
0.737546 0.441362
0.742292 0.344045
0.740394 0.227431
0.725156 0.156772
0.685586 0.134483
0.607885 0.118564
0.525734 0.115302
0.47552 0.128753
0.44128 0.146199
0.415301 0.163743
0.392863 0.18131
0.373146 0.201124
0.349703 0.232977
0.327858 0.2736
0.309942 0.31271
0.292411 0.362533
0.276363 0.443204
0.269922 0.552466
0.276363 0.642593
0.292411 0.696427
0.309941 0.734147
0.327485 0.76307
0.345029 0.787153
0.362767 0.806945
0.387499 0.825973
0.43084 0.850525
0.487074 0.87079
0.577439 0.881074
0.659002 0.875672
0.700206 0.859636
0.726913 0.842105
0.748189 0.824536
0.767493 0.804013
0.792046 0.766662
0.812769 0.724216
0.830407 0.684731
0.847122 0.676729
0.853539 0.738075
0.850165 0.802063
